50
0 46 76 44 12 65 95 98 48 36 2 71 46 62 0 69 76 42 38 62 0 15 31 40 3 45 46 96 9 38 34 61 89 12 47 77 6 65 2 6 17 98 92 50 78 72 18 23 72 24 
72 0 38 26 69 73 56 93 5 50 54 21 17 62 62 98 53 43 68 83 8 32 58 45 8 11 33 19 19 17 75 53 38 26 83 10 96 47 39 24 79 40 33 51 66 75 96 53 28 70 
34 21 0 36 47 37 43 94 64 66 75 75 74 37 67 101 58 6 13 51 35 72 46 78 76 38 77 32 84 89 90 0 27 34 73 90 87 48 67 36 65 0 15 73 83 86 45 76 15 69 
23 97 57 0 60 101 1 10 41 44 59 83 67 65 22 2 73 90 92 14 12 4 96 39 2 18 24 14 34 41 93 65 86 96 53 95 20 79 35 32 94 9 48 55 8 24 76 21 56 90 
8 29 61 84 0 34 57 15 17 32 83 56 45 9 97 66 79 11 62 92 66 14 34 56 62 10 76 22 64 46 54 61 87 31 13 60 4 53 49 81 95 47 12 81 57 29 54 89 23 79 
32 68 31 89 47 0 37 53 60 57 29 100 65 33 74 77 37 90 2 55 4 60 76 52 91 43 34 27 26 66 71 35 53 52 48 99 15 71 99 29 19 74 74 13 47 31 62 31 23 42 
48 70 75 26 1 92 0 34 32 94 26 90 66 27 85 44 97 5 51 8 4 27 37 83 40 5 0 66 24 53 56 59 74 76 88 99 93 97 37 44 28 27 49 54 7 70 59 25 64 63 
4 95 22 55 40 66 44 0 93 25 33 44 56 93 23 55 86 76 69 61 88 99 42 28 54 33 34 69 13 72 80 9 94 42 25 5 44 98 72 93 41 44 11 42 53 79 74 66 70 91 
42 92 8 87 72 61 34 73 0 52 24 42 9 31 6 26 16 73 45 22 37 20 18 19 41 20 26 96 27 62 83 4 36 47 58 53 55 80 69 82 101 53 1 59 68 42 52 85 53 80 
53 73 57 70 101 25 94 61 46 0 84 3 34 84 45 63 45 12 42 41 38 30 15 15 21 29 88 51 42 31 54 26 26 100 51 0 40 63 37 53 56 100 29 85 42 100 61 67 0 71 
35 53 28 29 59 62 26 94 51 91 0 51 40 51 87 97 22 73 18 90 17 5 28 83 53 58 0 43 88 76 5 58 47 28 69 71 10 61 100 37 40 52 100 77 25 27 94 23 38 51 
54 83 72 48 96 83 64 7 6 20 94 0 15 23 2 26 30 67 55 73 77 32 19 69 52 63 20 82 26 95 41 80 54 66 23 37 35 17 91 40 4 71 79 71 63 95 65 17 98 65 
49 39 83 79 30 52 14 22 96 53 59 88 0 81 29 97 80 99 29 49 13 8 91 77 6 72 39 97 29 8 57 48 77 54 21 30 27 76 92 27 99 74 60 34 11 26 53 67 25 75 
0 95 57 6 65 18 25 22 49 86 24 83 43 0 82 70 13 20 20 72 73 36 31 79 8 77 14 87 54 46 89 17 70 36 11 87 41 2 57 75 65 13 44 61 96 2 21 101 54 1 
46 60 51 53 71 15 71 29 84 63 1 75 29 58 0 52 25 96 56 27 25 42 17 29 33 52 37 39 51 73 60 84 92 78 32 47 36 54 12 67 72 66 69 68 88 72 78 35 46 31 
95 14 98 82 20 68 28 82 7 53 46 7 28 33 78 0 8 80 46 90 32 56 19 80 15 57 100 48 3 4 26 13 32 71 96 39 93 92 44 54 59 25 48 37 8 84 32 52 55 45 
76 26 32 95 31 56 76 54 93 80 10 34 29 61 40 70 0 101 93 28 80 67 32 41 76 41 45 6 63 68 60 54 78 15 58 63 23 76 7 83 1 40 42 45 13 100 82 26 19 52 
53 69 30 59 62 88 36 76 18 20 6 45 87 39 41 38 81 0 72 3 10 31 25 19 99 49 55 30 101 58 55 88 30 55 6 54 37 68 38 61 31 47 32 47 53 78 85 78 86 0 
58 94 7 56 69 39 0 8 24 13 62 67 85 32 47 47 48 38 0 45 23 24 56 0 97 92 75 58 35 93 56 0 44 45 23 13 78 15 15 46 21 92 37 101 40 22 33 95 29 51 
28 34 94 63 25 19 10 51 21 81 97 23 39 38 71 38 34 35 78 0 54 99 31 93 8 34 100 48 66 33 55 39 86 27 92 44 37 63 12 6 64 15 99 16 87 21 20 97 24 3 
64 30 15 17 72 23 83 51 61 94 99 48 56 101 49 3 70 51 64 12 0 80 26 83 30 4 88 60 45 87 93 33 61 4 80 21 51 37 81 48 85 40 22 6 46 72 37 58 50 76 
28 48 99 50 46 44 81 78 82 25 88 37 18 34 60 51 51 35 56 50 9 0 67 55 54 12 4 77 67 77 15 100 65 89 44 36 30 85 26 20 93 42 26 74 80 101 0 6 19 54 
38 55 65 68 23 55 28 69 95 35 54 22 76 81 46 31 8 83 71 68 43 48 0 42 36 45 71 63 101 21 14 91 78 14 27 62 12 97 84 77 56 87 64 49 46 10 29 16 94 64 
42 74 91 70 47 31 41 47 75 48 48 76 99 26 76 101 100 42 97 70 77 88 56 0 17 30 15 3 50 84 78 80 14 58 26 97 40 90 49 71 94 35 57 34 25 23 42 73 99 85 
94 65 98 32 71 68 101 38 21 26 95 41 76 53 8 49 64 44 87 75 28 2 47 44 0 38 52 5 95 8 101 91 36 44 8 80 59 83 60 12 100 10 6 58 18 17 89 88 36 21 
58 78 43 93 74 49 84 74 37 89 56 47 15 58 20 7 12 101 21 54 64 84 67 28 94 0 32 0 72 89 43 92 54 83 31 56 96 37 71 89 41 16 76 85 83 12 100 0 40 65 
82 94 6 93 30 94 88 74 58 16 92 81 15 29 13 83 40 40 86 56 85 63 64 70 8 72 0 2 11 59 44 79 30 40 84 47 31 4 67 97 85 95 21 42 95 9 0 100 78 46 
91 9 40 64 81 80 25 2 9 39 19 20 2 23 47 13 72 48 33 0 96 36 67 12 59 83 69 0 64 28 26 5 17 6 9 8 62 76 17 0 100 89 45 24 14 10 91 30 3 83 
68 14 54 92 47 99 49 10 41 78 35 3 96 43 67 99 72 3 87 58 5 29 25 49 47 29 39 77 0 66 48 36 89 21 74 24 14 86 33 76 89 37 71 2 34 68 46 6 19 92 
20 45 23 72 90 7 16 44 69 91 76 18 83 68 80 22 60 101 68 53 84 95 88 14 71 52 9 71 75 0 33 55 66 48 81 41 38 47 15 71 45 84 36 81 58 14 20 2 51 62 
60 14 96 16 63 13 97 66 23 91 83 77 25 71 35 61 18 47 51 72 80 75 79 58 26 79 46 51 95 50 0 85 41 94 63 58 26 24 69 54 100 39 62 25 39 8 43 4 77 57 
81 68 87 40 94 96 52 75 54 73 65 20 64 63 5 11 98 46 53 43 17 71 23 18 87 49 0 37 22 66 92 0 58 31 23 46 70 15 24 83 3 42 2 62 59 29 89 68 46 45 
20 68 7 72 98 76 16 72 70 97 52 93 85 69 52 2 15 76 86 57 17 50 38 61 3 38 35 73 49 87 20 77 0 67 64 87 68 19 100 59 85 80 76 92 78 3 16 85 17 83 
93 91 61 30 6 48 48 64 97 12 27 96 97 58 68 66 0 0 62 98 38 17 100 81 10 16 2 49 7 28 12 24 27 0 24 39 54 22 13 81 19 84 50 79 8 94 18 78 32 100 
94 19 94 56 61 7 45 77 18 18 31 39 45 51 70 15 41 30 26 13 51 34 13 15 41 72 45 70 33 23 20 58 72 98 0 22 11 14 25 92 95 71 19 81 39 75 72 23 101 92 
70 28 72 17 53 26 30 55 26 47 14 95 38 30 52 81 81 48 86 75 50 0 48 7 15 36 69 35 35 96 92 16 65 23 15 0 70 37 73 36 28 50 57 67 14 56 7 42 55 54 
49 80 11 84 86 43 42 45 30 58 4 10 70 84 96 51 35 18 75 23 41 42 9 37 47 99 38 87 12 16 92 43 9 59 37 87 0 63 83 72 70 54 30 73 97 57 0 14 93 3 
89 48 40 73 70 91 85 63 18 31 61 42 22 9 50 64 27 18 78 96 65 45 45 94 55 96 1 64 69 43 10 93 28 42 96 29 37 0 0 11 24 15 7 41 11 10 75 5 72 5 
11 54 101 9 2 2 53 100 72 97 41 31 89 96 40 51 78 6 5 34 94 65 29 33 87 65 71 92 84 1 95 0 34 19 86 11 29 11 0 29 37 81 46 26 43 70 18 13 16 60 
1 62 38 6 58 40 62 50 35 45 38 60 43 12 45 20 63 95 48 72 6 62 66 71 6 91 75 60 36 60 20 4 81 27 93 31 33 16 97 0 18 21 35 56 52 60 24 74 97 82 
53 97 34 59 37 95 81 57 56 8 52 38 1 13 31 29 85 10 87 63 40 72 67 82 51 29 55 10 0 14 93 21 90 60 29 70 76 48 98 18 0 20 56 53 28 77 29 92 2 52 
9 22 64 28 34 65 88 1 47 33 29 82 55 43 11 91 95 26 25 39 40 4 32 73 24 38 0 10 69 88 17 44 46 11 91 1 69 24 7 59 48 0 15 90 50 84 36 74 38 19 
79 3 74 20 42 65 20 46 87 31 96 76 21 38 0 95 76 63 83 50 50 15 15 80 77 40 2 3 62 6 4 15 47 12 57 26 50 73 89 44 7 87 0 30 76 67 29 17 62 38 
7 59 55 54 48 22 80 21 62 71 89 42 38 33 11 29 80 68 51 77 18 64 29 60 31 16 77 85 27 9 54 80 90 84 2 89 80 46 101 66 33 42 9 0 70 20 11 50 27 89 
55 21 10 60 69 92 34 93 98 22 93 39 83 97 44 4 101 51 83 49 80 96 59 44 80 71 101 50 1 98 56 89 55 87 101 36 31 55 47 50 86 90 77 30 0 62 4 75 26 98 
23 2 9 97 20 98 82 54 86 29 87 16 38 57 91 21 80 0 41 90 88 39 18 28 24 68 43 99 80 75 46 38 32 75 21 52 73 45 48 92 83 65 61 64 34 0 99 30 35 70 
78 83 25 0 67 47 98 85 81 26 34 59 74 55 12 2 99 22 19 38 90 8 80 80 93 41 64 75 0 61 99 28 99 19 65 73 86 55 28 29 59 15 92 67 47 67 0 95 62 67 
75 30 28 89 92 28 25 92 59 47 53 87 16 17 70 1 7 60 95 34 53 72 50 101 24 13 5 86 33 53 14 62 87 36 72 16 79 21 47 72 93 65 69 12 70 60 64 0 25 84 
37 2 61 1 95 24 75 30 92 49 93 43 99 68 23 29 45 100 18 58 4 81 12 101 31 40 53 77 1 82 84 73 45 88 67 55 0 71 2 97 72 45 29 46 0 84 84 91 0 77 
1 37 88 42 35 3 55 2 72 16 57 89 48 81 27 3 27 95 1 49 20 79 97 20 48 29 62 9 42 36 3 3 14 5 14 2 71 29 98 24 53 47 99 96 60 48 7 67 27 0 
RBRBRBRBRBRBRBRBRBRBRBRBRBRBRBRBRBRBRBRBRBRBRBRBRB
