50
0 43 42 71 77 82 18 90 76 70 47 75 74 49 20 68 18 48 31 90 36 72 70 45 76 89 80 67 29 46 30 25 63 31 71 19 90 96 48 96 39 30 48 44 52 48 97 19 21 99 
43 0 51 76 73 25 28 29 56 53 94 84 39 92 25 91 18 26 93 57 84 98 36 28 94 39 42 99 90 91 46 68 46 44 18 71 34 82 40 85 79 96 50 73 68 34 58 92 76 29 
42 51 0 73 93 24 44 18 75 26 23 87 17 62 78 91 30 35 87 62 86 61 23 88 48 73 61 48 43 24 29 42 42 37 67 30 19 41 75 61 39 43 48 26 15 101 24 47 101 97 
71 76 73 0 75 37 94 28 40 46 62 46 50 64 91 100 17 28 52 80 97 55 60 63 29 49 36 21 68 101 85 70 37 69 98 26 16 85 39 65 20 27 53 81 42 66 40 42 48 73 
77 73 93 75 0 77 87 22 47 50 73 35 52 41 59 63 98 35 48 94 68 28 66 93 94 95 73 35 40 78 16 18 98 50 58 25 16 69 41 51 45 48 22 25 100 34 26 41 94 82 
82 25 24 37 77 0 29 86 99 73 52 36 34 32 95 71 84 90 81 28 66 25 33 65 23 57 25 82 71 48 53 41 85 28 21 41 81 59 44 59 70 99 23 17 50 29 98 82 41 80 
18 28 44 94 87 29 0 30 72 40 55 67 41 96 34 94 80 32 47 82 58 22 99 72 31 60 43 20 21 68 16 21 79 87 86 56 97 94 30 32 68 65 82 42 78 61 74 62 77 92 
90 29 18 28 22 86 30 0 56 49 46 23 81 92 85 91 52 39 26 62 79 55 83 42 27 28 30 15 37 83 58 23 47 28 23 87 51 47 22 98 84 98 38 61 98 60 94 22 59 42 
76 56 75 40 47 99 72 56 0 94 89 94 94 65 31 56 42 75 43 39 69 77 54 84 24 101 66 60 30 23 51 45 31 59 47 63 15 72 38 33 81 47 17 84 65 37 72 97 21 94 
70 53 26 46 50 73 40 49 94 0 93 91 86 87 63 29 24 40 63 40 27 78 37 88 17 29 95 41 43 98 51 83 74 79 100 41 28 24 57 47 29 69 68 87 25 44 97 27 25 40 
47 94 23 62 73 52 55 46 89 93 0 39 99 76 70 26 42 82 21 77 67 63 26 25 26 59 70 58 81 84 45 28 35 27 89 32 69 86 67 43 39 65 58 73 45 78 73 82 98 16 
75 84 87 46 35 36 67 23 94 91 39 0 54 79 43 100 48 19 87 36 24 20 69 20 63 31 31 96 94 32 88 16 41 29 19 60 55 37 21 40 73 65 49 31 96 79 80 76 59 100 
74 39 17 50 52 34 41 81 94 86 99 54 0 16 39 83 43 43 42 16 63 72 90 61 54 74 21 20 77 85 51 99 28 36 76 67 91 16 48 60 78 71 94 80 30 47 44 53 80 90 
49 92 62 64 41 32 96 92 65 87 76 79 16 0 43 33 22 85 33 87 80 72 49 48 51 64 82 36 16 89 64 58 18 27 26 29 72 56 67 38 32 33 87 31 88 29 66 90 95 62 
20 25 78 91 59 95 34 85 31 63 70 43 39 43 0 59 19 35 28 88 92 25 56 72 31 93 59 25 83 61 85 33 31 96 62 72 45 78 29 62 82 95 65 71 95 70 79 52 40 31 
68 91 91 100 63 71 94 91 56 29 26 100 83 33 59 0 69 29 20 78 22 36 53 39 39 19 65 89 96 87 90 42 40 38 16 29 28 74 79 95 97 91 89 33 64 89 39 33 29 77 
18 18 30 17 98 84 80 52 42 24 42 48 43 22 19 69 0 22 93 52 52 19 72 94 43 61 37 83 55 25 99 66 86 93 19 57 68 51 24 88 57 63 62 70 100 37 70 47 43 52 
48 26 35 28 35 90 32 39 75 40 82 19 43 85 35 29 22 0 33 99 37 95 25 83 84 71 79 83 81 36 43 86 38 53 59 57 28 87 58 87 96 89 87 62 34 66 85 29 44 82 
31 93 87 52 48 81 47 26 43 63 21 87 42 33 28 20 93 33 0 29 88 73 41 16 31 32 88 38 92 45 18 76 62 63 45 69 77 96 27 22 21 24 98 85 82 87 26 16 72 39 
90 57 62 80 94 28 82 62 39 40 77 36 16 87 88 78 52 99 29 0 41 74 82 101 56 80 42 83 48 57 91 54 46 44 35 91 53 82 99 29 56 15 21 60 86 63 33 99 61 48 
36 84 86 97 68 66 58 79 69 27 67 24 63 80 92 22 52 37 88 41 0 32 38 69 23 15 15 58 72 76 30 97 23 39 37 100 51 99 101 18 76 93 65 53 17 36 90 53 52 93 
72 98 61 55 28 25 22 55 77 78 63 20 72 72 25 36 19 95 73 74 32 0 57 58 88 32 83 30 80 50 63 18 45 87 89 97 40 83 98 57 87 57 98 77 96 35 67 45 101 83 
70 36 23 60 66 33 99 83 54 37 26 69 90 49 56 53 72 25 41 82 38 57 0 25 64 46 67 55 78 43 78 25 52 36 68 27 85 26 54 89 100 65 62 49 45 86 83 96 45 81 
45 28 88 63 93 65 72 42 84 88 25 20 61 48 72 39 94 83 16 101 69 58 25 0 101 64 48 84 80 29 22 93 40 45 17 26 21 20 91 52 30 97 48 30 51 55 72 65 87 18 
76 94 48 29 94 23 31 27 24 17 26 63 54 51 31 39 43 84 31 56 23 88 64 101 0 90 16 99 100 92 78 48 95 41 65 24 50 15 81 97 46 69 63 50 94 43 24 55 41 52 
89 39 73 49 95 57 60 28 101 29 59 31 74 64 93 19 61 71 32 80 15 32 46 64 90 0 48 18 99 27 36 80 94 45 17 90 72 83 28 85 92 47 49 61 43 68 73 61 40 58 
80 42 61 36 73 25 43 30 66 95 70 31 21 82 59 65 37 79 88 42 15 83 67 48 16 48 0 36 93 80 33 93 24 73 59 20 92 31 50 56 71 66 74 82 41 87 21 72 76 74 
67 99 48 21 35 82 20 15 60 41 58 96 20 36 25 89 83 83 38 83 58 30 55 84 99 18 36 0 101 39 57 71 78 80 42 68 27 50 16 41 68 65 40 20 48 78 62 47 39 49 
29 90 43 68 40 71 21 37 30 43 81 94 77 16 83 96 55 81 92 48 72 80 78 80 100 99 93 101 0 37 49 78 73 52 52 44 74 70 30 101 31 81 33 94 55 20 82 78 23 63 
46 91 24 101 78 48 68 83 23 98 84 32 85 89 61 87 25 36 45 57 76 50 43 29 92 27 80 39 37 0 51 76 89 52 80 22 32 66 22 32 75 35 38 75 59 42 44 37 80 56 
30 46 29 85 16 53 16 58 51 51 45 88 51 64 85 90 99 43 18 91 30 63 78 22 78 36 33 57 49 51 0 66 69 61 20 99 27 25 52 39 77 18 92 16 27 78 61 41 61 95 
25 68 42 70 18 41 21 23 45 83 28 16 99 58 33 42 66 86 76 54 97 18 25 93 48 80 93 71 78 76 66 0 65 89 92 86 64 42 73 63 43 65 72 98 81 23 93 38 50 90 
63 46 42 37 98 85 79 47 31 74 35 41 28 18 31 40 86 38 62 46 23 45 52 40 95 94 24 78 73 89 69 65 0 26 65 45 26 61 46 41 71 24 21 75 81 22 88 49 63 95 
31 44 37 69 50 28 87 28 59 79 27 29 36 27 96 38 93 53 63 44 39 87 36 45 41 45 73 80 52 52 61 89 26 0 88 63 41 92 74 21 80 37 99 41 48 55 29 39 16 43 
71 18 67 98 58 21 86 23 47 100 89 19 76 26 62 16 19 59 45 35 37 89 68 17 65 17 59 42 52 80 20 92 65 88 0 60 67 48 90 92 66 62 25 95 85 35 83 87 80 69 
19 71 30 26 25 41 56 87 63 41 32 60 67 29 72 29 57 57 69 91 100 97 27 26 24 90 20 68 44 22 99 86 45 63 60 0 63 16 16 23 93 30 53 91 81 39 83 91 78 78 
90 34 19 16 16 81 97 51 15 28 69 55 91 72 45 28 68 28 77 53 51 40 85 21 50 72 92 27 74 32 27 64 26 41 67 63 0 79 56 52 94 67 88 46 32 22 28 24 57 30 
96 82 41 85 69 59 94 47 72 24 86 37 16 56 78 74 51 87 96 82 99 83 26 20 15 83 31 50 70 66 25 42 61 92 48 16 79 0 76 38 78 17 29 77 80 44 81 58 94 27 
48 40 75 39 41 44 30 22 38 57 67 21 48 67 29 79 24 58 27 99 101 98 54 91 81 28 50 16 30 22 52 73 46 74 90 16 56 76 0 79 18 44 32 84 33 67 24 15 84 70 
96 85 61 65 51 59 32 98 33 47 43 40 60 38 62 95 88 87 22 29 18 57 89 52 97 85 56 41 101 32 39 63 41 21 92 23 52 38 79 0 63 86 42 71 85 70 32 36 94 40 
39 79 39 20 45 70 68 84 81 29 39 73 78 32 82 97 57 96 21 56 76 87 100 30 46 92 71 68 31 75 77 43 71 80 66 93 94 78 18 63 0 60 80 41 73 88 41 79 69 77 
30 96 43 27 48 99 65 98 47 69 65 65 71 33 95 91 63 89 24 15 93 57 65 97 69 47 66 65 81 35 18 65 24 37 62 30 67 17 44 86 60 0 28 52 46 24 77 89 46 20 
48 50 48 53 22 23 82 38 17 68 58 49 94 87 65 89 62 87 98 21 65 98 62 48 63 49 74 40 33 38 92 72 21 99 25 53 88 29 32 42 80 28 0 30 86 42 85 83 24 24 
44 73 26 81 25 17 42 61 84 87 73 31 80 31 71 33 70 62 85 60 53 77 49 30 50 61 82 20 94 75 16 98 75 41 95 91 46 77 84 71 41 52 30 0 68 52 54 59 80 41 
52 68 15 42 100 50 78 98 65 25 45 96 30 88 95 64 100 34 82 86 17 96 45 51 94 43 41 48 55 59 27 81 81 48 85 81 32 80 33 85 73 46 86 68 0 34 24 66 93 99 
48 34 101 66 34 29 61 60 37 44 78 79 47 29 70 89 37 66 87 63 36 35 86 55 43 68 87 78 20 42 78 23 22 55 35 39 22 44 67 70 88 24 42 52 34 0 49 61 18 36 
97 58 24 40 26 98 74 94 72 97 73 80 44 66 79 39 70 85 26 33 90 67 83 72 24 73 21 62 82 44 61 93 88 29 83 83 28 81 24 32 41 77 85 54 24 49 0 57 22 96 
19 92 47 42 41 82 62 22 97 27 82 76 53 90 52 33 47 29 16 99 53 45 96 65 55 61 72 47 78 37 41 38 49 39 87 91 24 58 15 36 79 89 83 59 66 61 57 0 42 95 
21 76 101 48 94 41 77 59 21 25 98 59 80 95 40 29 43 44 72 61 52 101 45 87 41 40 76 39 23 80 61 50 63 16 80 78 57 94 84 94 69 46 24 80 93 18 22 42 0 48 
99 29 97 73 82 80 92 42 94 40 16 100 90 62 31 77 52 82 39 48 93 83 81 18 52 58 74 49 63 56 95 90 95 43 69 78 30 27 70 40 77 20 24 41 99 36 96 95 48 0 
RBRBRBRBRBRBRBRBRBRBRBRBRBRBRBRBRBRBRBRBRBRBRBRBRB
