20
0 17 76 77 82 20 83 57 36 65 55 22 68 82 53 99 41 18 36 73 
48 0 39 60 15 22 32 40 43 93 63 85 40 85 44 32 71 57 39 96 
90 22 0 77 90 78 28 20 96 42 94 91 48 53 88 69 77 38 35 96 
70 84 20 0 58 81 16 34 82 69 48 26 56 65 38 29 64 41 41 80 
40 18 53 95 0 63 37 81 37 91 16 51 36 39 56 100 78 33 32 29 
70 70 52 52 84 0 39 77 15 55 56 43 33 28 86 63 34 54 15 15 
20 45 67 61 53 56 0 66 79 42 76 62 36 35 48 58 80 63 57 81 
17 68 54 63 79 24 69 0 56 70 28 65 87 94 101 100 27 44 59 40 
58 25 50 86 98 44 101 88 0 73 16 55 51 44 29 39 31 28 58 88 
97 22 62 86 59 81 72 81 24 0 97 87 61 84 81 66 28 76 93 40 
86 40 15 43 42 19 94 62 43 41 0 97 73 40 100 76 100 87 27 80 
75 35 31 55 59 75 50 32 34 76 68 0 20 47 80 38 72 77 45 27 
23 82 31 83 43 90 63 74 20 32 32 32 0 53 56 15 40 87 55 34 
24 49 82 62 30 89 32 89 16 40 36 19 44 0 98 33 36 34 101 101 
85 44 47 74 42 20 80 92 65 21 99 77 39 89 0 49 62 43 93 17 
19 54 80 57 74 93 35 71 98 92 97 85 73 47 31 0 92 35 53 92 
73 79 93 60 101 41 66 66 75 38 68 49 47 92 75 23 0 69 43 95 
91 44 80 61 96 75 64 35 91 27 19 85 84 27 31 90 39 0 58 36 
49 16 64 37 74 24 55 95 97 74 61 93 89 99 77 48 48 30 0 53 
73 97 24 31 18 26 68 30 48 87 55 94 42 94 58 16 95 80 91 0 
RBRBRBRBRBRBRBRBRBRB
