50
0 1 29 25 87 70 28 12 24 12 65 96 39 54 8 58 68 9 90 5 6 98 19 26 86 75 19 15 85 32 90 48 80 13 99 41 93 85 10 22 17 60 78 89 81 89 13 91 57 93 
1 0 0 71 8 57 9 82 68 69 68 91 65 10 99 88 62 30 14 56 76 31 10 67 48 20 46 9 46 19 70 38 50 93 68 83 55 101 19 58 59 58 68 99 5 19 57 54 27 100 
29 0 0 86 26 26 41 76 10 22 35 10 34 95 45 52 45 60 11 49 101 33 26 30 43 49 82 13 68 95 69 100 86 10 51 81 17 61 51 72 17 85 12 95 22 16 7 94 45 91 
25 71 86 0 66 93 60 80 95 88 86 85 99 20 96 36 21 32 69 69 100 57 51 30 43 97 72 27 52 29 67 27 62 4 9 1 84 57 17 31 90 38 22 72 35 86 23 25 12 94 
87 8 26 66 0 75 61 49 79 76 100 96 53 85 15 38 64 9 61 51 44 89 20 18 15 74 60 98 84 56 81 40 62 81 38 66 32 24 30 56 40 35 75 98 45 14 41 68 51 35 
70 57 26 93 75 0 72 32 25 45 78 57 25 74 18 39 47 89 41 74 47 17 25 45 65 84 59 61 67 28 17 66 36 28 67 5 101 91 29 101 93 64 94 18 34 17 80 69 83 0 
28 9 41 60 61 72 0 42 8 12 96 72 96 90 73 73 47 26 89 40 99 86 1 14 14 28 19 29 69 29 34 11 82 58 10 14 99 98 66 16 11 36 7 22 53 46 64 82 79 27 
12 82 76 80 49 32 42 0 81 81 47 95 76 76 21 87 72 70 47 58 21 30 92 59 83 75 13 60 14 26 37 47 11 18 16 59 1 16 95 41 45 51 5 14 49 98 2 19 45 55 
24 68 10 95 79 25 8 81 0 22 75 29 96 70 6 5 51 40 75 100 8 84 16 23 70 97 8 65 21 55 35 6 19 0 6 96 97 36 12 101 45 61 80 31 12 7 50 51 41 26 
12 69 22 88 76 45 12 81 22 0 90 70 95 53 29 32 73 94 78 84 6 37 1 64 91 3 83 12 64 65 25 74 51 92 83 73 21 98 69 49 37 83 7 59 21 79 32 2 51 18 
65 68 35 86 100 78 96 47 75 90 0 63 79 4 20 9 94 63 73 60 95 23 94 2 60 5 79 79 7 0 31 26 10 22 50 3 29 29 21 53 90 83 54 71 76 20 0 45 9 75 
96 91 10 85 96 57 72 95 29 70 63 0 92 33 6 57 77 50 39 14 60 9 53 7 27 29 65 21 64 3 69 86 85 24 91 9 20 43 35 83 40 6 56 30 91 5 15 10 58 73 
39 65 34 99 53 25 96 76 96 95 79 92 0 7 32 65 72 5 27 35 101 80 85 63 85 3 35 12 18 77 6 51 47 100 56 52 83 86 33 89 81 35 94 85 63 57 64 43 80 92 
54 10 95 20 85 74 90 76 70 53 4 33 7 0 16 49 65 26 5 8 39 51 22 77 35 98 88 68 79 57 47 87 37 28 7 22 25 41 32 44 5 66 14 1 95 32 5 4 66 32 
8 99 45 96 15 18 73 21 6 29 20 6 32 16 0 59 72 38 61 78 4 2 18 86 93 97 24 37 38 75 86 49 34 50 56 9 78 25 7 53 97 19 8 43 33 29 46 84 96 96 
58 88 52 36 38 39 73 87 5 32 9 57 65 49 59 0 21 38 75 84 53 4 91 1 85 76 101 64 85 48 49 18 88 41 91 100 66 44 97 27 59 35 17 48 52 30 100 37 79 10 
68 62 45 21 64 47 47 72 51 73 94 77 72 65 72 21 0 46 82 14 55 22 79 64 14 6 0 39 81 78 48 35 26 32 31 17 97 3 29 99 83 99 52 72 43 81 21 4 2 91 
9 30 60 32 9 89 26 70 40 94 63 50 5 26 38 38 46 0 5 3 68 18 54 74 54 16 42 69 31 95 20 22 2 29 75 99 5 13 8 52 35 16 55 61 24 78 26 63 79 4 
90 14 11 69 61 41 89 47 75 78 73 39 27 5 61 75 82 5 0 42 51 48 85 45 11 54 90 59 29 75 66 79 60 76 4 74 26 69 91 77 60 32 33 41 80 28 62 95 94 46 
5 56 49 69 51 74 40 58 100 84 60 14 35 8 78 84 14 3 42 0 22 65 46 25 85 52 99 93 79 60 45 78 79 9 84 34 37 53 26 25 33 74 42 47 50 90 13 52 73 32 
6 76 101 100 44 47 99 21 8 6 95 60 101 39 4 53 55 68 51 22 0 66 55 44 23 31 41 81 50 67 22 51 11 80 96 4 7 40 96 96 83 7 89 26 30 31 71 53 8 41 
98 31 33 57 89 17 86 30 84 37 23 9 80 51 2 4 22 18 48 65 66 0 40 32 46 58 63 6 9 17 48 3 97 59 64 50 19 55 37 61 22 22 81 85 84 25 50 3 9 86 
19 10 26 51 20 25 1 92 16 1 94 53 85 22 18 91 79 54 85 46 55 40 0 62 81 59 64 43 59 68 55 65 16 82 30 8 0 74 8 95 98 9 9 22 10 8 67 87 88 90 
26 67 30 30 18 45 14 59 23 64 2 7 63 77 86 1 64 74 45 25 44 32 62 0 66 63 81 56 37 17 0 66 18 37 16 68 26 34 77 52 99 30 0 76 20 54 84 56 30 53 
86 48 43 43 15 65 14 83 70 91 60 27 85 35 93 85 14 54 11 85 23 46 81 66 0 57 5 2 82 34 25 71 20 91 77 76 11 85 49 2 11 32 68 63 38 73 63 35 2 43 
75 20 49 97 74 84 28 75 97 3 5 29 3 98 97 76 6 16 54 52 31 58 59 63 57 0 33 29 55 1 40 64 48 6 10 19 71 16 76 31 65 94 48 82 35 10 78 47 70 35 
19 46 82 72 60 59 19 13 8 83 79 65 35 88 24 101 0 42 90 99 41 63 64 81 5 33 0 65 34 11 13 63 34 8 90 68 26 40 29 77 12 14 58 88 24 101 64 31 92 60 
15 9 13 27 98 61 29 60 65 12 79 21 12 68 37 64 39 69 59 93 81 6 43 56 2 29 65 0 20 34 11 99 16 55 93 44 96 84 86 20 87 43 60 16 48 33 37 10 35 18 
85 46 68 52 84 67 69 14 21 64 7 64 18 79 38 85 81 31 29 79 50 9 59 37 82 55 34 20 0 63 62 5 37 85 10 68 12 42 23 35 6 47 33 40 17 84 56 92 22 53 
32 19 95 29 56 28 29 26 55 65 0 3 77 57 75 48 78 95 75 60 67 17 68 17 34 1 11 34 63 0 8 99 19 37 48 29 39 33 50 35 25 50 63 14 101 74 34 39 62 67 
90 70 69 67 81 17 34 37 35 25 31 69 6 47 86 49 48 20 66 45 22 48 55 0 25 40 13 11 62 8 0 15 60 39 52 2 22 20 43 49 16 59 98 36 91 0 41 9 22 83 
48 38 100 27 40 66 11 47 6 74 26 86 51 87 49 18 35 22 79 78 51 3 65 66 71 64 63 99 5 99 15 0 38 97 31 73 41 49 50 52 16 18 99 72 40 55 90 48 82 23 
80 50 86 62 62 36 82 11 19 51 10 85 47 37 34 88 26 2 60 79 11 97 16 18 20 48 34 16 37 19 60 38 0 59 1 11 24 44 13 12 75 48 100 100 94 97 43 14 4 44 
13 93 10 4 81 28 58 18 0 92 22 24 100 28 50 41 32 29 76 9 80 59 82 37 91 6 8 55 85 37 39 97 59 0 63 9 75 67 82 80 69 0 34 55 46 43 21 54 30 17 
99 68 51 9 38 67 10 16 6 83 50 91 56 7 56 91 31 75 4 84 96 64 30 16 77 10 90 93 10 48 52 31 1 63 0 43 38 44 21 27 49 13 43 22 23 7 71 0 95 63 
41 83 81 1 66 5 14 59 96 73 3 9 52 22 9 100 17 99 74 34 4 50 8 68 76 19 68 44 68 29 2 73 11 9 43 0 52 28 6 90 35 43 84 100 30 92 15 75 79 76 
93 55 17 84 32 101 99 1 97 21 29 20 83 25 78 66 97 5 26 37 7 19 0 26 11 71 26 96 12 39 22 41 24 75 38 52 0 28 49 55 100 9 78 69 92 67 46 75 86 95 
85 101 61 57 24 91 98 16 36 98 29 43 86 41 25 44 3 13 69 53 40 55 74 34 85 16 40 84 42 33 20 49 44 67 44 28 28 0 49 70 76 85 75 43 11 101 61 40 10 59 
10 19 51 17 30 29 66 95 12 69 21 35 33 32 7 97 29 8 91 26 96 37 8 77 49 76 29 86 23 50 43 50 13 82 21 6 49 49 0 21 81 14 81 78 28 31 26 36 11 49 
22 58 72 31 56 101 16 41 101 49 53 83 89 44 53 27 99 52 77 25 96 61 95 52 2 31 77 20 35 35 49 52 12 80 27 90 55 70 21 0 78 39 76 18 23 4 30 36 96 37 
17 59 17 90 40 93 11 45 45 37 90 40 81 5 97 59 83 35 60 33 83 22 98 99 11 65 12 87 6 25 16 16 75 69 49 35 100 76 81 78 0 82 94 61 57 51 58 5 87 24 
60 58 85 38 35 64 36 51 61 83 83 6 35 66 19 35 99 16 32 74 7 22 9 30 32 94 14 43 47 50 59 18 48 0 13 43 9 85 14 39 82 0 37 10 88 34 33 90 80 91 
78 68 12 22 75 94 7 5 80 7 54 56 94 14 8 17 52 55 33 42 89 81 9 0 68 48 58 60 33 63 98 99 100 34 43 84 78 75 81 76 94 37 0 71 94 79 69 32 64 57 
89 99 95 72 98 18 22 14 31 59 71 30 85 1 43 48 72 61 41 47 26 85 22 76 63 82 88 16 40 14 36 72 100 55 22 100 69 43 78 18 61 10 71 0 16 68 11 8 78 66 
81 5 22 35 45 34 53 49 12 21 76 91 63 95 33 52 43 24 80 50 30 84 10 20 38 35 24 48 17 101 91 40 94 46 23 30 92 11 28 23 57 88 94 16 0 29 15 25 57 31 
89 19 16 86 14 17 46 98 7 79 20 5 57 32 29 30 81 78 28 90 31 25 8 54 73 10 101 33 84 74 0 55 97 43 7 92 67 101 31 4 51 34 79 68 29 0 23 99 62 28 
13 57 7 23 41 80 64 2 50 32 0 15 64 5 46 100 21 26 62 13 71 50 67 84 63 78 64 37 56 34 41 90 43 21 71 15 46 61 26 30 58 33 69 11 15 23 0 57 59 92 
91 54 94 25 68 69 82 19 51 2 45 10 43 4 84 37 4 63 95 52 53 3 87 56 35 47 31 10 92 39 9 48 14 54 0 75 75 40 36 36 5 90 32 8 25 99 57 0 51 12 
57 27 45 12 51 83 79 45 41 51 9 58 80 66 96 79 2 79 94 73 8 9 88 30 2 70 92 35 22 62 22 82 4 30 95 79 86 10 11 96 87 80 64 78 57 62 59 51 0 81 
93 100 91 94 35 0 27 55 26 18 75 73 92 32 96 10 91 4 46 32 41 86 90 53 43 35 60 18 53 67 83 23 44 17 63 76 95 59 49 37 24 91 57 66 31 28 92 12 81 0 
RBRBRBRBRBRBRBRBRBRBRBRBRBRBRBRBRBRBRBRBRBRBRBRBRB
