317
341
608
157
125
466
1083
159
39
197
25
2667
136
161
187
3007
575
47
89
429
220
221
185
575
474
1653
171
183
168
51
204
42
51
443
201
29
1270
355
942
213
1583
211
1025
122
1832
206
542
517
248
282
156
49
178
32
29
218
52
8
1
87
162
556
453
4
576
1273
255
250
176
0
12
44
164
29
268
169
201
1202
220
940
953
8
1515
59
208
1
1
176
10
27
177
253
0
103
1065
144
168
161
28
250
19
83
232
146
98
746
200
213
504
918
31
14
284
303
177
257
121
28
175
240
954
4
181
1965
158
931
770
29
4702
182
1337
201
183
130
15
68
0
222
458
78
1418
3450
721
752
1398
328
196
1355
212
809
154
246
718
158
71
69
204
1362
159
124
1164
245
233
2992
137
182
953
2200
189
1095
993
247
155
207
231
20
242
182
980
929
206
958
97
176
285
1020
776
209
129
171
218
47
144
247
491
244
180
29
185
176
1708
183
195
23
1345
1299
85
242
159
144
165
63
124
63
159
3747
846
610
47
425
110
234
685
210
2007
0
946
1056
7
743
23
568
210
194
201
195
29
130
153
0
95
143
628
94
75
225
381
0
29
29
1236
251
244
39
1358
0
171
647
47
439
29
77
165
880
191
928
812
205
57
326
169
457
14
182
184
306
1111
129
630
12
195
100
0
49
199
47
238
1941
484
18
136
195
0
595
526
1693
931
29
564
82
157
230
327
125
1162
66
0
1081
0
51
214
156
307
381
2556
1020
64
4091
192
172
196
567
177
338
594
176
689
181
216
140
37
29
221
520
0
180
79
5
354
47
166
1725
139
137
172
168
189
234
208
904
29
161
1250
1006
205
19
97
157
1700
85
143
37
115
14
1293
178
0
190
1300
429
147
312
140
162
1086
61
1344
228
29
158
83
28
73
1
1
271
98
47
428
1388
160
203
249
148
10
1704
142
212
64
58
538
1020
3006
177
16
154
68
180
480
304
140
157
1144
49
47
237
49
110
203
193
487
177
171
797
192
128
290
162
147
207
1268
32
269
346
6
161
97
206
1070
159
186
1829
2813
219
3483
48
6
2326
593
998
47
381
175
208
523
735
229
144
141
274
0
1225
185
1638
85
152
1236
2102
25
208
29
98
1339
140
29
141
2549
147
371
212
1732
6
726
474
729
176
146
68
2486
194
988
175
26
446
131
