70	44 28 3 22 35 10 33 8 48 40 46 17 1 30 19 14 45 13 11 18 32 49 36 50 31 38 4 2 23 37 39 21 12 25 24 34 9 43 20 47 29 41 42 15 7 6 27 16 5 26 	0.000000
([43, 27, 2, 21, 34, 9, 32, 7, 47, 39, 45, 16, 0, 29, 18, 13, 44, 12, 10, 17, 31, 48, 35, 49, 30, 37, 3, 1, 22, 36, 38, 20, 11, 24, 23, 33, 8, 42, 19, 46, 28, 40, 41, 14, 6, 5, 26, 15, 4, 25], 0.0)
93	28 10 23 3 33 24 7 2 21 20 22 43 17 5 32 26 8 12 35 4 11 41 27 19 1 38 6 18 46 29 16 36 9 14 47 49 39 30 44 48 37 13 25 50 34 15 45 40 42 31 	0.000000
([27, 9, 22, 2, 32, 23, 6, 1, 20, 19, 21, 42, 16, 4, 31, 25, 7, 11, 34, 3, 10, 40, 26, 18, 0, 37, 5, 17, 45, 28, 15, 35, 8, 13, 46, 48, 38, 29, 43, 47, 36, 12, 24, 49, 33, 14, 44, 39, 41, 30], 0.0)
137	43 38 11 35 32 23 19 24 50 39 49 8 18 13 34 14 17 2 42 29 22 12 21 36 26 31 7 25 37 27 48 10 15 33 30 5 41 40 45 16 4 47 44 9 3 46 28 6 20 1 	0.000000
([42, 37, 10, 34, 31, 22, 18, 23, 49, 38, 48, 7, 17, 12, 33, 13, 16, 1, 41, 28, 21, 11, 20, 35, 25, 30, 6, 24, 36, 26, 47, 9, 14, 32, 29, 4, 40, 39, 44, 15, 3, 46, 43, 8, 2, 45, 27, 5, 19, 0], 0.0)
461	48 45 18 8 13 46 43 15 6 31 30 19 16 35 14 25 5 37 7 29 26 36 42 17 41 3 20 24 32 12 38 10 49 47 2 50 44 22 11 39 23 21 34 33 4 27 1 40 28 9 	0.000000
([47, 44, 17, 7, 12, 45, 42, 14, 5, 30, 29, 18, 15, 34, 13, 24, 4, 36, 6, 28, 25, 35, 41, 16, 40, 2, 19, 23, 31, 11, 37, 9, 48, 46, 1, 49, 43, 21, 10, 38, 22, 20, 33, 32, 3, 26, 0, 39, 27, 8], 0.0)
226	14 2 40 33 34 48 3 21 4 17 5 28 41 19 7 47 32 29 45 31 36 16 20 23 13 24 42 10 39 30 15 43 27 46 49 11 37 35 18 1 50 38 6 44 8 25 26 9 22 12 	0.000000
([13, 1, 39, 32, 33, 47, 2, 20, 3, 16, 4, 27, 40, 18, 6, 46, 31, 28, 44, 30, 35, 15, 19, 22, 12, 23, 41, 9, 38, 29, 14, 42, 26, 45, 48, 10, 36, 34, 17, 0, 49, 37, 5, 43, 7, 24, 25, 8, 21, 11], 0.0)
367	5 2 4 1 3 6 7 8 9 11 12 10 15 13 16 14 	0.000000
([4, 1, 3, 0, 2, 5, 6, 7, 8, 10, 11, 9, 14, 12, 15, 13], 0.0)
240	6 3 5 1 4 7 2 8 	0.000000
([5, 2, 4, 0, 3, 6, 1, 7], 0.0)
248	15 1 3 5 2 4 6 8 7 9 11 13 10 12 14 16 	0.000000
([14, 0, 2, 4, 1, 3, 5, 7, 6, 8, 10, 12, 9, 11, 13, 15], 0.0)
335	10 1 14 3 7 2 6 8 5 4 9 11 15 12 13 16 	0.000000
([9, 0, 13, 2, 6, 1, 5, 7, 4, 3, 8, 10, 14, 11, 12, 15], 0.0)
309	8 1 2 3 6 7 4 5 	0.000000
([7, 0, 1, 2, 5, 6, 3, 4], 0.0)
256	48 44 9 3 50 17 24 4 38 43 23 5 21 41 16 46 10 11 2 29 37 31 6 15 18 42 40 7 36 28 13 22 34 32 27 1 26 47 30 12 14 25 39 45 19 35 20 49 33 8 	0.000000
([47, 43, 8, 2, 49, 16, 23, 3, 37, 42, 22, 4, 20, 40, 15, 45, 9, 10, 1, 28, 36, 30, 5, 14, 17, 41, 39, 6, 35, 27, 12, 21, 33, 31, 26, 0, 25, 46, 29, 11, 13, 24, 38, 44, 18, 34, 19, 48, 32, 7], 0.0)
307	4 3 5 1 6 2 	0.000000
([3, 2, 4, 0, 5, 1], 0.0)
283	10 9 11 22 14 29 27 28 44 19 38 24 8 49 16 21 20 33 37 31 40 23 13 4 1 32 12 34 46 36 41 50 18 2 30 45 17 48 35 25 6 47 43 15 5 42 7 26 39 3 	0.000000
([9, 8, 10, 21, 13, 28, 26, 27, 43, 18, 37, 23, 7, 48, 15, 20, 19, 32, 36, 30, 39, 22, 12, 3, 0, 31, 11, 33, 45, 35, 40, 49, 17, 1, 29, 44, 16, 47, 34, 24, 5, 46, 42, 14, 4, 41, 6, 25, 38, 2], 0.0)
293	47 23 39 11 15 30 20 18 2 42 8 14 24 1 9 21 44 50 12 38 46 41 17 36 31 34 6 40 37 35 32 28 25 26 22 49 48 4 5 3 27 19 10 33 43 7 13 29 45 16 	0.000000
([46, 22, 38, 10, 14, 29, 19, 17, 1, 41, 7, 13, 23, 0, 8, 20, 43, 49, 11, 37, 45, 40, 16, 35, 30, 33, 5, 39, 36, 34, 31, 27, 24, 25, 21, 48, 47, 3, 4, 2, 26, 18, 9, 32, 42, 6, 12, 28, 44, 15], 0.0)
